0.3159215332446477
0.20969298135918885
-0.038642251447858884
0.1288828776512541
0.3016111940686683
0.1997489513802043
-0.16574481915418585
0.10532013497094445
-0.06803865174444036
0.1840158129046669
-0.5976749781984103
-0.6413517205238978
-0.2554659103216806
0.26754472621623404
-0.3074287104419838
0.20084288560404212
0.42218439852662365
0.4481483550447664
0.3114436153719571
0.5559674034979821
0.5381819938048428
0.4639291803480139
0.5911842433217697
0.6908248723584303
0.7575733850879726
0.6899876795938692
0.8235011584080099
0.3844108911255926
0.3324730958117825
0.29153007656465846
0.1521607799128075
0.4251286342322964
0.436575520667658
0.5802485092283549
0.5422475559875191
0.31340757319507406
0.5906354312391487
0.31257082630686633
0.31512545819952564
0.43178726011663976
0.46641786321182577
0.7689765152947418
0.6053273863019742
0.29442945465855014
0.33427596262244835
-0.06396690272781634
0.35389701555203634
0.39931141277993204
0.4740562455271345
0.3862680644195121
0.12488095001718062
0.06257846204120784
-0.20749422026626446
0.3780273232409922
-0.004143832152550196
0.2317409905729348
0.18640402877512666
0.08095978876335999
0.554706122176248
0.6624530432656669
0.5929466040523576
0.020730484924872405
-0.04550039832338025
0.043314300345476994
0.15147789524146837
-0.213633555772039
-0.1350944034449806
-0.3637049459131558
-0.5873289273399153
-0.4183689843583587
-0.09831521763878968
-0.3340695511403782
-0.06840323481073829
-0.09782539717443257
0.44376820632093333
-0.2320904373335579
-0.026454600635647772
0.48082195638442177
0.6218641853661409
0.5106565242558131
0.5982687447359423
0.7589785259752508
0.6697991206316196
0.33849582364284486
0.7266388980715066
0.9012268123210199
0.9858744478414802
0.8662998589865758
0.8270469994368449
0.9427568795926046
1.0178196249489404
0.8342812313511754
0.6922141369515099
0.7641378517769386
-0.0419578196229448
0.3088716472928227
0.45933090997964426
0.4912558501244069
0.5619813882342161
0.5396668365268835
0.7105542562997875
0.7156301454241107
0.8541404816728584
0.5943756025702264
0.6802685239121073
0.7773368989619601
0.8980769786888104
0.9385192590737279
0.930101433175332
0.8725261898177501
0.8415984097690028
0.7765869700119776
0.9633732082819919
-0.3255976722714629
-0.7144377648815903
-0.6142214604179963
-0.46862944632382264
-0.29569739688269986
-0.16869869378261487
0.21147449531892457
0.20350861056939684
-0.11170778137042914
-0.2952598163980346
0.17322206608106255
0.11916158832119675
0.19734096601266216
0.39785552387132017
0.6176672571807462
0.7468377460597533
0.49326192352941284
0.8719253123929621
1.084750745240593
1.009618633045926
1.0104112682391202
0.9269211284291644
1.161952173071649
0.8420873708579747
0.772065668859199
1.1445839156450621
0.7170799153478161
0.9144257194916433
-1.1504083489178212
-1.0979814799338883
0.43769395785156545
0.7097718688978475
-1.1818281408401377
0.4661281632357099
0.3388189709479821
0.6361605604358723
-1.8300768501854914
-2.4176867143476692
-1.494202481493152
-1.0363058848253048
-1.9610089518251674
-1.7608004544518057
-2.512316247605883
-2.1083776485407313
-1.783632138804656
-1.692106775733995
-2.379755369252754
-2.694247390056024
-1.6280753522142786
-0.6666758268651317
0.05111370377149181
-0.305328241546783
0.13160428620253695
0.5739383271399289
0.5533417142560811
0.7860801909285395
0.820139376408212
1.1335307981642695
0.8821020996154315
0.5196043774007196
1.0800411579591112
1.1640401349458251
0.8442400133147466
0.8481944819099229
1.0941041565293463
0.5665001159417983
0.9790750746921582
0.7461584079336204
1.042303054641725
1.102048739336359
-0.15872660434379668
0.7498115142204831
0.7842271552579893
0.7944690409443
0.06292679643020249
0.6357247139961774
0.5128661411493297
0.5922702823338823
0.8113391859067225
0.6893513980568023
0.4783158505550033
0.59246015779533
0.21215247043815383
0.06224669191766329
0.2961305982624482
-0.5945192950781737
0.15157211432484194
-0.2170363438451163
0.11938107341104333
0.22570884375350403
-0.5002759854594132
-0.41225672705852423
-0.03263215930749074
-0.2596963161913533
-0.1017964664862235
-0.44241669869315814
-0.9016402982646434
-2.293901800842398
-1.1894554105692057
-0.14231756123823192
0.13760527376541332
-0.12554696481861227
0.27324673292595053
0.31456149470765576
0.2654005995709268
0.3854898784663136
0.37549020475527667
0.6547232511334655
0.851843378572237
-0.362695481865123
-2.1441055469756196
-0.7723016109050546
0.5415979844303166
0.4714968037119262
0.6852229061239049
0.37370101585864923
0.10034727640337539
-0.09926018809431007
-1.2908568402704175
-2.168441500252951
-1.6315602269525182
-0.9117034623865616
-0.7450819367541215
-0.9103676698034442
-0.14776380770512845
-0.030161428560839122
0.12066724765131064
0.45842372512344126
0.3754403943463059
-0.5862030156218659
-1.7791872520161383
-1.7954085002613067
-1.040872860289566
-0.8906689328809004
-0.3753128673356414
-0.6630199035804609
-0.4079453271718772
0.26491888480015724
0.6430328368649008
0.10403007478431843
0.2244553144372684
-1.0209529452398909
-0.003887723405279547
0.16504809725598044
0.419123872238915
-0.35726891149858464
0.16414955673523224
0.36855262630280694
0.5279078701112337
0.783225823584994
0.21178541207116863
-0.21656684738493917
0.8973286903281108
1.0814821072933523
0.5648276509686612
0.44683673457797046
-0.11404191503395959
0.5953920236881642
0.04503637298813439
0.1535610298612184
0.1396464051757708
-0.20703279573808545
-0.39986006025456616
0.0777335347313363
-0.43465998909551007
-0.7629151726077019
-0.8582302220469635
-0.4439749374403598
-0.8242914077799846
-0.7302090328982299
-0.8575215826269982
-0.6214424016435439
-0.8163908585261265
-0.5112471482078359
-0.1847808659589489
0.039549838179871205
-1.1578173290628968
-0.438698877099314
-0.5185706097414459
0.1376927270804856
0.5807452854084626
0.16093328019824396
0.3475487556341398
0.3797261560603036
0.7420466820486271
0.8449884950810618
0.8034603459378298
0.367879550578743
0.6722960442059481
0.08371423235855799
-0.6271203349751058
-1.2255527463026492
-2.055382802018834
-1.05872240951943
-2.502934448662449
-0.5027840048890493
-2.6676738817740024
-1.6783884180457596
-0.5645696226886141
-0.63868645703894
-0.18089463320233543
0.1896443858918703
0.16421166436505957
0.45418741518637207
0.4966737421855973
0.5767139199374636
0.3408919803183785
0.16454921387818786
0.3246929411462482
0.6334418082377281
0.6919154005903516
0.9239335010341739
0.33509815677058136
-2.1764730883838372
-0.4260317859865603
0.06185235793930808
-2.5781469892271454
-0.27279314413897315
0.09302346740601575
0.04788272004013531
-0.15497270217456638
-0.2747063027536766
-0.30232031544104826
0.14027980874833226
0.3580829568670398
0.42224128723309706
0.2236500874057376
0.2394997498930014
0.23936265112700872
0.6583125807380955
0.7507156469443488
0.38586742076294206
0.7163849415794246
0.9032579193118081
0.36605733891423203
0.616199965175567
0.3255356204840556
0.2580364616850108
-0.08933837691283175
0.41960759529105196
0.7550081693683972
-0.8898008316355586
-0.4433875292705604
0.16154153933007542
-0.43327589932259913
-0.06554285697471582
0.7795701735185497
0.9143457772368467
-0.43982878617730914
0.26847539896554345
0.6494053387419663
0.2602511941617554
0.7070081421486347
0.6730607030874804
0.38536375662833294
0.03602550788054874
0.916752275345688
1.4230430888908636
0.22105868917834356
0.5152757289145478
0.8426334071034618
0.886968025273242
0.9411840665379188
0.7992845268947846
1.0736707928278029
0.9383782979097519
0.24651189170091067
-0.2774744437608048
0.299890160632655
0.5835746290035879
0.7211002472934637
0.754979992343147
0.3011538238419998
0.8199171126453196
0.9083341593505462
0.6951427967498361
0.8273133132796695
0.818638261697072
0.3469463839303245
0.49866083065428674
0.45672327722986844
0.6985649299322587
-0.31912957192588626
0.3445433737801986
0.7258649138534473
0.7097398591334754
0.49867407221703985
0.0968160334849931
-0.7047046346049415
-0.22495395332941703
0.24864940603333716
0.547157312778361
-0.26747766555876956
0.09169285819544748
-0.03869978257845078
-0.16896075124838475
-1.6894861849535907
-1.4416889550138008
-0.5356655723144254
-0.08713006231484006
0.3435520782085283
-0.04518551149420485
-0.5989428601492843
-0.39470390613725104
-0.15243692192964534
-0.38612369114990924
-1.5847450099271239
-0.40637047337365073
0.19028800566652482
0.1001998101401152
-1.2955453655374454
-1.2540107075597524
-1.4623437957078005
-1.024602714070336
-0.8280295592432432
-1.0187975958554552
-1.6674556755698686
-2.100105642096852
-2.290656935106009
-1.9433780048297395
-0.9108475497499536
-0.3831563374804833
-0.26248971155093753
-0.4687389900793344
-0.41766351166924115
-1.0168895671611846
-0.5808047827351419
0.17956071500260257
-0.7533063822708337
-0.6923612176728625
-0.10175237549667536
0.03688264299380343
0.5061809908423879
0.3137704145231983
-0.7154378325493363
0.03877449116354358
0.3683694488568248
0.5832387113148935
0.7274215504847155
0.9797332417080586
0.7777596828792296
0.9891927706309338
0.8184511741228441
0.3887733881320303
0.6756283519245663
0.30678217555550397
0.23525353579166772
-1.407547574343087
-2.118445496014654
-1.2527534467767747
-1.2742299836100215
-1.730516036874806
-0.9718824177027907
-0.21912219232740285
-0.9386144748032509
-0.6518013251157675
-0.6338507220545986
-0.6154283290402779
-2.1700738805945106
-1.3844620823779579
-0.7509942105346684
-0.25595906600845825
-0.3111330590878682
-1.7143216286545941
-1.4521590635181025
-1.294229626516417
-1.9152576191602726
-2.1080812193824725
-1.530848191210351
-2.164970616762871
-2.6157813363042206
-1.4703554311798779
0.1160284708493672
0.3579104781959092
0.10929007396657345
-0.2621419873719733
0.3066216971939209
-0.32094824327062277
0.1413178440003992
0.5780682045865309
0.5027877588500708
0.3532055359302742
0.6797563607090215
0.3235976698116622
0.5484398715014414
0.5572719365027389
0.4891236141124486
0.7421970005522169
0.23343161768233056
-1.0839881692412268
-0.9232686582542716
-0.36277906011795197
0.06903504384734307
0.12009220044497497
-1.1866338871137805
-0.5804132771228295
0.4549188450878512
-0.1605158991970253
0.5926085185049329
0.7493740856765337
-0.2903736053792539
0.6294678703313905
0.6683747776960345
0.8746658865141282
1.0331877710375192
1.0421285330706462
0.9677650697322018
0.7839889344542209
0.823916407920247
0.41175115283088976
-0.5247693377057768
-1.409784666443456
-1.0325492145697295
0.22921547710252138
0.62073385630987
-1.6481109669295906
-0.8184171125411347
-0.48874389623408765
0.11375785585138513
0.35639928115710917
0.39651627684809754
-1.8375586633316539
-2.3071153368847086
-0.40741401275624267
-1.9152015659948611
-1.2303876739370305
-1.9513955765535234
-2.7232573161375684
-1.1239048581606668
-0.5873532113804745
-1.1000431119229128
-0.3247152472770367
0.2895406051203993
0.2863775356030231
-0.1934857075893112
0.219033951993376
0.4496820687133165
-1.503481907699208
-0.5378686735270399
-0.2716568917387666
-0.4519284074804328
-0.6190608864338195
-2.1529627346079887
-2.617204978835981
-2.106786738843093
-1.3129151325375485
-0.9577513464636072
-0.2475317262537296
-0.41146379521516235
-2.2969741889730684
-1.5888399105876847
-0.20304441882629634
-0.12926811721538065
0.16028590377658383
0.3451462686268642
-0.40118947867099025
-1.107960097154157
-0.856299101284683
0.24898160590508284
0.41619697985820764
0.17796969153350517
0.34984536900695895
-0.37172520722710756
0.14153536815860124
-0.19053477673418195
0.022791999760701613
-0.13307517832660123
-0.5976258371747935
-1.6130287223378488
-2.176751194805199
-2.598321992063495
-2.65719263785696
-1.4303830828639712
-0.7753817485713196
-1.7596702543268312
-2.0449026964699355
-1.247916815176243
-2.042635568444244
-2.5423316658249164
-1.8286479914224962
-2.2084030793158407
-1.6101882528475737
-0.09830174458717632
-1.0779179710010396
-0.3054830099557776
-0.24198520922113947
-0.6091506705337801
0.21243763553486833
0.017477135087830338
0.4171139835444234
0.7616112756386161
0.8014674032861134
0.3057849172100092
-0.06510904248505725
-1.1384971722807542
-0.20993616220912426
0.08817649043886462
0.24684364108247364
0.19681440234546954
-0.3900595874100189
-0.8591541389766354
-1.9095370276402022
-0.9337376354484038
-1.0527126380352043
-1.0090764431807289
-0.9791607564092278
-1.7189471753556624
-2.157437939906863
-2.6957597843915337
-1.4270440575911658
-0.925198473914959
-0.7931210303317132
-1.942167924018174
-1.1122097660128447
-2.2027205364194016
-1.7409801130863234
-2.1202282208447376
-0.9393104039319025
-1.2520815116078623
-1.53991732456386
-1.3070949876013336
-1.8386809019948158
-0.40011527156467436
0.11213668482138665
0.4438348255464742
0.47518072451591964
0.30721380161328327
0.3795193534011754
0.41927917850151747
0.2185804646114039
0.4474321922328111
-0.700289816534467
-2.4731635663513964
-1.3045744988445855
-0.510473616981795
-1.0727708806610154
-0.9212068133589068
-0.8336529799761748
-0.5860516435144246
-0.8812290112761271
-1.1046550477696184
-1.1958405514973456
-1.8977545032084076
-2.6287957526455026
-2.4817529236411757
-1.8788752417758672
-0.9387232624043368
-0.43674419951886423
0.04845873867060548
-0.29038958992777697
0.11234174524695974
0.26958099630330085
-0.49725667358777526
0.1806338106023827
-0.21667348195399924
0.4093471439022305
0.17447085207820331
0.4847772957122593
0.018935553672999688
0.4407280312995062
0.5273054710528207
0.07380180241124558
0.30238360628511635
0.38938044883834944
0.4702224756158249
-0.4665309414216681
-0.013525541514413467
0.21059577846681812
0.3318178821309234
0.4454484119942136
0.5509046613625348
0.1805513610983496
-0.20675955564195983
-0.2553381912378629
-0.3584165325258978
-0.388689820368467
-0.21587888133989447
0.35904966091498713
0.4370521228747727
-0.3015999069412802
-0.7062858374968717
-1.8179829297138546
-0.09205375816782638
-0.22917944316815816
0.10281488303403599
0.09401404134807653
0.06263223464136664
-0.6477271524063273
-0.9338534720458422
-0.8612115996922044
-0.08381323747493276
-0.40003597700114196
0.002082583019665
0.23254199844311937
0.47588785410348017
0.4053922764921513
0.38069332547176044
0.4160106321347563
0.2029514901590403
0.17513053304342222
0.017705043847540704
0.2940327667283203
0.2949846931322793
0.4615546951877162
0.22254087674287013
-0.15473525866795376
0.31028638086623106
0.40849933272661576
0.28218024850177803
0.18453990341416002
0.10759874068294631
0.4452379324059075
-0.06619652287507105
0.18899566360537956
0.3105675283952511
0.20290767013954514
-1.0427863690630057
-0.199898112318384
-0.25104388362580593
0.08376128952928416
-0.03004598529638767
-0.08189838189802277
0.08768708772459348
0.05064900465568247
-0.10010387568687036
-0.3836792097417551
-0.5206706030363456
-0.2301808917938854
-1.1926930166125138
0.07246977852255719
0.5849060802194714
0.36131158752540526
-0.31065724646828674
-0.5723477824083223
-1.03514095898814
-0.27497674191848875
-0.08039931324656763
0.27018842834378065
-0.10283566453068296
0.2547862283138971
-0.36018716708114146
-2.278233452844535
-1.7468414449029277
-0.6428674333792614
0.09498246632611047
0.08498498181120166
0.3131059445796504
0.09433864241248242
-0.09946995520679795
-0.09553820965049642
0.08628724984740607
0.21944027563013202
0.14370717039085576
-0.4792943371790155
-1.128232330804043
-0.18385719697624447
-0.23833095844917687
0.16746037857928894
-0.02584136381370519
-0.21949273107873352
-0.10315077026605612
-0.05953109366173331
-2.101131420476032
-2.2979004432381696
-1.5453271882384498
-0.17520666273689503
-0.10706664961060051
-0.3131573388544226
0.25713709369192306
0.46563247874515334
0.5405058220513546
0.2729319424816795
-0.3715781336997407
-0.47664272065744884
-0.13102714482115801
-0.8293641761888897
-2.136389047184301
-1.3155152803450316
-1.218981064351923
-0.9725464879160071
-1.6494757332402186
-2.521848857623862
-1.6747386257866104
-2.335858007335261
-2.4868588487555385
-1.3741023170109994
-0.2178623389238454
0.13504950053161477
0.21497319795041767
0.3576494832275789
0.28264104823237113
0.18968520065702196
-0.6170186002804602
-0.6834609676310139
-0.0807177349181415
-0.02431184731960939
-0.43614511043854787
-1.7870588182249796
-1.0769694544796191
0.0386357704086994
0.2332349105190345
0.5493523975095418
0.559766053210723
0.39152308698740984
0.64851336300928
0.7532273884321974
0.9164318436811993
0.747396878951415
0.4209741974031596
0.7092664171768156
0.7350509211666919
0.8055449116434568
0.04122032201004227
0.3937669365388074
0.5109058350712388
0.5747979864286983
0.4165936810446516
0.44428276506708925
0.30350801058879134
0.5268824100219462
0.39072402622674823
0.20156748556010812
0.5214197141551292
-0.0663760590482967
0.254867784081214
0.3282070131166713
0.08038310881550442
0.4509173239831663
0.599864084019474
0.5212088227469652
0.11605392985213804
-0.3030257715926581
-0.020562578664290624
-0.6262160136654038
-2.0447295925925957
-2.413765042464347
-1.0681743985775658
-1.4035939300280342
-2.3666028357845907
-2.696269031942718
-0.9863853681620517
0.07328176816443452
-0.07025272001205209
0.22750443665517012
0.3012954800668581
0.30666385422650305
0.26524371979659717
-0.8621164564719328
-0.7237350802107839
0.007931988955331726
-0.035148147414469415
-0.24848842063631105
-0.03515132804786624
-0.5775803682595361
0.0350416318523729
0.06680266484769126
-0.7133817983197996
-1.7039356699875503
-0.7925746873711541
0.3021170201585649
0.19161927687879485
0.31068696894826414
0.5217722759013415
0.6312177134193995
0.3394410427217905
-1.1512314396747205
-0.43212654123979644
-0.006338631037900147
-1.322978211139269
-0.3092507805573459
0.2064936241490876
0.055168003809317766
0.27106921881872276
0.21659442557320518
0.21142439041782338
0.42640171948952327
0.3425477961323352
0.29024806507478523
-0.043302704483272905
0.3419482608558054
0.1051011208718834
0.20677118755246018
-0.12600586966253144
0.19227242478465228
0.3674399861752145
-1.4013019431417668
-2.398951739708281
-2.4304562103865655
-0.90954108523667
-1.3990771918759781
-0.18039844083869716
-0.2280383460708032
0.15361099709226053
0.13039995142603142
0.1999058923264149
-0.019533728653765587
0.12624937171989345
0.1605072795425883
0.15374518652872374
-0.9299989878833311
-0.31049510142035186
-0.3071693011882122
-1.2242055101405995
-2.178827642030677
-0.835980412370557
-0.0975107623955065
-0.6108230012204257
-0.4169633981845945
-1.7969277592221442
-2.362445603781873
-1.6030821426293247
-0.34119962391443887
-0.44315893164325076
-0.20904300951691324
-0.5262745902934296
-0.36353967372171153
-0.13698632344863024
0.0579864924168121
0.08546291095716044
0.06262284137879445
-1.3527747601764153
-0.2825219632128598
0.15564034628133896
0.09574180943856664
0.2893974396375651
-0.1556333413587886
-0.4102251876852373
-0.4944163483962587
-0.777835313445302
-0.6118117439396944
-0.282934698418184
-0.6218900496047092
-0.7519420948966854
0.11615703662197205
-0.11778353338322449
0.41804166387087294
0.7269637600991605
0.7269877256894619
0.8780671065868226
0.689646627528463
0.739202327980189
0.4990564426434314
0.13810985558061042
0.08963852067857851
0.3349410892507764
-0.19285300207471168
0.23376922985672113
0.20004915391132577
0.3523964138192869
0.6318697756738795
0.6718824109308114
-1.3337962187460501
-1.6062846525823862
0.06478178510041888
-1.2792751248404328
-1.335939318067444
-0.5292059035288367
-0.8857634802648943
-0.6062132310515504
-0.1609555049519826
-0.13374753383143537
-0.21014097275327898
-0.5846205882602495
-0.9480612893123392
-0.5812377751002346
-1.6774297372595823
-2.2966151907414534
-1.5881464673644603
-0.1317430370245439
0.19732731452504315
0.15886510224809622
0.3856677894411763
0.46107891753607183
0.603526042886985
0.5698584058454316
-0.2580638336580511
-0.9024337507458714
-0.21630578448783416
0.4079670380731357
0.2622171563883827
0.19354936624158833
-0.6981405281566677
-0.10359757519043622
-0.24365683258505944
0.30641879911690756
0.5349431599228454
0.18475483287088207
0.5304734171030958
0.35682880420973956
0.2301221694179291
-0.168090170957706
-0.51833210004996
-0.4119058851494212
-0.5986184131482897
-0.2157425228031912
0.08405542970438182
0.5060779173615603
0.20318299756330155
0.6152068745751053
0.8727441812854011
1.1013030358879095
0.7888490057657958
1.0561795787235615
1.136325475527867
-0.4578147104056494
0.6719373848977407
0.5590864829119974
0.6428697195693209
0.1738780039542098
0.1664036701503593
0.39220871326683326
0.19401212523800956
-0.25810512308055117
-0.2388758836416531
-0.01083729855509085
-2.3916935710724494
-1.5749540764168488
-0.34326909789407073
-0.3400183840281077
0.28303150963727813
0.3509747679769502
0.4673531021565711
-1.2429300477370895
-2.304708212962967
-0.7555101406914284
-1.3713080147707606
-1.7341729500410732
-0.4097863186974219
0.12583813518376402
0.5162859175375709
0.2676718972204475
0.15631150749416126
-0.7813485611831598
-0.1965977417493314
0.28396650017862723
0.1837389821580111
0.13397298682633965
0.43991859827153473
0.6769047103239801
0.23390153806748723
-0.26822414982886944
0.07445678333712066
-1.1656131331146022
-0.009236794726730026
0.2207505720199317
-0.31095172906679786
-0.8015559001138538
0.23790136703244136
0.3401860727104084
0.18531855482746667
-0.7738880470849236
-1.1290115950142166
0.5573606742467083
0.6616436515626384
-0.5502757710514933
-0.6346045434072235
0.13425997646515703
0.45740713338560246
0.6468931810393873
0.37857713722031855
-0.9347766360657289
-0.23964125742152148
-0.12861441536106658
-0.3970171170451159
-1.4253333574739853
-0.2925720103185477
-0.40522920517596134
0.17753773184582916
-0.019021405089508586
-0.6243223459754752
-1.0796507980759884
-0.24286753720864168
0.4221971878962554
0.3766312310892173
0.32558283833467944
0.7817724820952714
1.0269929834515827
-0.4363093483452307
0.38581196919468114
-0.5796759805854383
0.18274637691154805
-0.40467070096690316
0.5638843159603468
0.3440281168949345
-0.7825444289913653
0.17206101850411845
0.2139216198974152
0.0667641192020154
0.3130752143939983
-0.19713438321724894
0.7947761321502268
0.9801501970609494
-0.006638244057748568
-0.5786047710663501
-0.8897336166896376
-0.9769060304586077
-0.6833122683942819
-0.7947595000451939
0.019663954033238246
0.037721598625337464
0.20855878797803068
0.23736697911320107
0.06600098269293232
-0.34127016370598645
0.2781674774732959
0.19835164414330939
-0.13060669692130958
0.3558058985294671
0.01446743706627513
0.485754520990821
-0.003963084256053568
0.6737347182839484
-0.370946512695705
-0.4408683621139303
0.13281287813830706
0.12988629054020825
0.13767542848252168
-0.1329240428568255
-0.47304721643031156
-0.11675061904654714
0.329715080172763
0.42029783302283047
0.8375195545985865
0.669340715410196
0.3139348725311067
0.7286796234953627
0.7303914103837241
1.0188988987099885
0.5122670990708468
0.6062516684029976
-0.9735232757700576
0.03134459821505496
-0.6612183218851775
-0.22856017112785537
0.22287191798483613
0.33555774769891644
-0.12616925338296833
-0.6029925965455686
-1.558949123887241
-0.5727630419741135
-0.005502079505812801
-0.10410395570516566
0.16962250358951592
0.21025795876786693
-0.08738342725315047
-0.08218481607021673
0.04166166993403791
0.1405934034284854
-0.3468802696063649
0.49272881710747946
0.20338414224781942
1.0260595290096282
0.9680492845296703
0.9388216954010591
0.9158591659482842
-0.2385152912590933
-0.2956689692245391
-0.18842436029887807
-0.0341248281237492
-0.19153469924461627
0.4442962548117263
0.48338999531917815
0.810716726992478
1.0263644737874478
0.9721121559014694
0.908454936250071
0.39202176471086686
0.8142612308034477
0.7391483117853787
0.5932233256684448
0.22971176878910815
0.32363428410630507
0.20350037068539004
0.2286499307005038
0.4112897135385271
-0.7414703794361603
-0.18893946025256067
0.19234520344595354
-0.5181542689231647
-0.3642158411190164
-0.4784298131277488
-0.26310326516289334
-0.849001437240189
-0.22000794637395094
-0.21227817211740183
0.10515987545141779
-0.028477468254200312
-0.25746816399455813
-0.20635484171512244
0.11088040660517097
-0.31146763409137584
-1.3040045717068494
-1.7037875364213493
-1.041113592459689
-0.9908363734347978
-0.46596059228318193
-0.3410863480309634
-0.5772701424644301
-0.4394801200624052
-0.549083851918719
-0.3417441661519415
-0.10966389404297644
-0.07859764673716536
0.21672204865369718
-0.25474888560423176
-0.039486334919618164
-0.024253412006957863
-0.41661251690747264
-0.32808141969993093
-0.7287852580332415
0.35507253750485607
0.44813539992053353
0.3924518252652115
0.5318575948139392
0.512494962474046
0.14499843437914614
0.43760567589308
0.3853198942740527
0.5784626478041528
0.7634127377473774
0.4187635038566389
0.45165931601719495
0.5027784691462771
0.2506021530216237
-0.3854983913765328
-0.36051063491592744
0.06621537727332469
-0.3427803374295485
-0.22040243097672427
-0.1969851249780907
-1.3371630425214203
-1.3574747099239082
-1.902272589858486
-2.15249760485811
-2.1431776286676327
-2.385635670634926
-1.9376360873220304
-0.6552085057210286
0.1272480379165978
0.2077945135003052
0.38336460502348896
0.27482379908792687
0.35431204991774035
0.5373622669318024
0.6225241910513892
0.3143037007629688
0.16607167780424145
0.15692985095895787
0.21113090252400477
0.3254861466496097
-0.23950570980039407
-0.1249678097244054
0.2913150469632296
0.2677886560244218
0.13473420624588303
-0.45592291849909344
-0.19384364235909296
0.02656063289710646
0.45123639765458107
0.5165313913319841
0.5813318669010246
0.7215915854100328
0.5805918412679693
0.4486838862362371
0.6180551332240567
0.5347250606173043
0.1750140054433822
-0.09828365593136905
0.38203480002557927
-0.5290793528717641
-0.04970329550018387
-0.16040307567702328
0.06955910867718697
-0.7858604896516297
-0.28535225966743816
-0.17019815692180007
-0.6857334211365079
-0.35782157775089934
-1.2990012632291523
-1.5636457543378723
-1.2650984313708529
-1.909070912853869
-1.4465192321132874
-1.4356011575913288
-2.1631411535795393
-2.3155729569150934
-2.401113079570214
-2.639363929738564
-1.6566788659791127
-0.6793775003236878
-0.02345144073307026
-1.3746468345882064
-0.4919526945302254
-1.2597427606346503
-1.7271874748177345
-0.5319417885672311
-1.7664453004523606
-1.2885212245479691
-0.6958801620185741
-0.06302556967406553
-0.437300785514439
-0.6490711253936872
-0.5011383748400734
-1.3426836234470265
-1.273555285731455
-0.8710360657066409
-0.6288887864380359
-0.9672922405204253
-0.46705564937943755
-0.13605621284074398
-0.015324297585103185
-0.06163172681301926
0.33261186312154556
0.4165023540206047
0.4619490419151235
0.1335667004865627
0.10354034898444314
0.10201919218289202
0.006004015122897681
0.14739264548003345
0.04184411134300184
-1.4980240505520632
-1.7526680717498058
-0.9070556563187724
-0.1635404259910901
-0.5111120530855804
-0.386551443177972
0.3532067036700649
0.34555602879456243
0.4079113749748991
0.5166230571900008
0.3907351408690214
-0.6358623511188107
-1.0281968017888377
-0.18875330168689458
0.16428849151043134
-0.8307572647373341
-0.7733965630735489
-1.057327324422291
-1.7206708866323477
-1.8408822928710094
-0.9322484319021569
-1.18528134670745
-1.1358116493691401
-0.8465235867616525
-0.5399163347435852
-0.17923707095892413
0.28158215907942047
-0.45927462091778554
-0.5535878967785397
-0.9585473056439779
-0.6263359266168383
-0.9846837350656631
-0.005438978074972403
-0.059800518881274925
-0.7037213135579284
0.09207740721398727
-0.9699202686209926
-0.0905499414713565
0.5754857770716136
-0.7043686198100872
-0.7979398217641845
-0.5768982335237847
-0.06088068519377019
-0.6360266046669437
-1.3824789762992602
-0.8771948694573453
-0.5497977076610657
-0.6065672200936469
-0.7301032320232471
-0.39269852261593824
-1.400353766984641
-1.8561132695546283
-2.5230853192202587
-0.5953973720990327
-0.005569255896676937
0.35953385206686267
0.5462184220240647
0.09550668269316999
-0.9598213279464547
-1.736798061359169
-2.1812088871361537
-2.6576749443040653
-1.5717798630137547
-1.3832672994014548
-1.180969786956424
-1.4952059737170538
-1.0364057462954817
-1.6843905117253424
-0.8886771528224009
-1.720530046615807
-1.5312294461076854
-0.40607324233303216
0.321548733118393
-0.1948254838562491
-0.3472709934167953
0.3369850866185983
-0.6578711969038018
-0.10177665867393207
-0.22300092148556544
-0.4905468915629761
-1.0171377781660211
-1.1595936977720798
-2.310153799251673
-2.0045594381296032
-2.0013685049441485
-2.174443925950056
-1.7560747423700214
-0.8996620343762645
-0.9489497424254781
-0.5462351197990827
-0.9384667381153826
-0.727585251535786
-0.16691844244159731
-0.20103324781852258
-1.0987630960021735
-1.3361504922092355
-1.8292816751824115
-1.8297284364743218
-0.7797310778941029
-1.3965193724440255
-1.8070737369279437
-1.397838979811058
-1.802010556661542
-1.9426437993287804
-1.9153750375922187
-1.6637262555103436
-1.275145755159255
-1.8544875057216692
-2.0312717828061135
-1.7744515559188028
-1.0791495669362896
-0.715609639877988
-0.5754178430780799
-0.9043274282686381
-1.4472290687114113
-0.4723684363610809
-0.11253096181396383
-0.0877527157198004
-0.13998113516197574
-0.14042376283667346
0.19193462669358805
0.6586598298269064
-0.055655243355436874
0.6234009227361218
0.9404524992630743
0.8401869720130413
1.075313884306976
1.2700915469573038
1.2196409495657823
0.910552632921136
0.9790861340228675
-0.08837177762894347
0.7323319942396366
-0.14703673684295748
0.6382523414633371
0.07501040976077657
0.333006711497737
0.48558367427285354
0.9498020867738888
0.7342606525993088
0.3513827242503058
0.18747522112017345
-0.7047704058801685
-0.16981226231435642
0.7326545680323163
0.04611045606380132
0.3490007067458696
0.03623478362370649
0.49303301291045926
0.7753739405017682
0.8018592027018717
0.774740804281106
0.8134983356994118
0.8072897331201493
0.8189902525005398
0.44610924419531944
0.8192060907475942
0.8385142592745615
0.8132695598120809
-0.31052507459522777
-1.00643357159181
-1.2923716330385413
-0.3672144978405079
-0.838440192139453
-0.4603704939506299
0.3601004188901722
0.5677477836055256
0.32463330629249554
0.718082416360505
0.3287954903977704
1.062509217628205
0.8873368341772622
0.7189175683732383
1.0279141658356308
0.8126191143006144
0.7830859254667929
0.9297358010370507
1.1981380172429923
0.8664484499393982
0.6686251839044329
0.9592453932102838
-0.43086771089920034
0.4237907948162174
0.7876410848033002
0.8602034111308833
0.5831538076642282
0.6016987176804262
0.4217074969779937
0.6365770302815994
0.6903693687329123
0.7532523631190177
0.7041620041774561
0.9610806735199543
1.0212173975063612
-0.10043559301716394
0.7665077104533676
-1.0457446963698056
-0.11189654393425227
0.506927065127427
0.9344578100770842
0.6247842592826074
1.2303409633986881
1.158036913188231
0.21284067948898164
0.8145855283604957
1.1549373790615955
1.1539570597218232
0.8437744546927035
-0.009136768166619966
-0.6116126851555582
-1.1173554889320798
-1.3042595966922539
-0.3614593588047351
0.7402817565777279
0.5719979599564214
-0.7450638438912551
-1.681473562594536
-1.786554590673204
-0.6600267405458397
-0.6054685861161734
-1.070021503353709
-0.4888125337774241
-1.02619521265946
-0.2733402887086805
0.368091776080072
-0.037885405741531784
0.43042752103184245
0.5638372970697924
0.47282491591217685
0.6920582917566432
0.36839208628261266
0.7160454134440662
0.9108041186828046
0.8127413789641316
0.761358506596652
1.1088792299256804
1.1503187996138573
0.9744616021192004
-0.11442557316488051
0.09367649864788236
0.1507487733022388
-1.1437856663807553
-1.1594238342638916
-2.2411226974414458
-2.724280826118325
-0.862699431298448
0.15993597261565254
0.6219938726703177
0.5551277354460321
0.6882197051724961
0.7747671358097559
0.6776046066445364
0.684549084700236
0.5344946792095213
0.8329189110551897
0.8659159401301763
0.077405868374227
-0.08730980288577035
-1.2163769421227681
-1.3075986683133707
-1.3616593009509574
-1.8358447927497505
-1.3665715360247903
-1.1584569172042782
-1.0668842330283108
-1.7058680386606075
-1.137378570060749
-0.09826648336248346
0.05866160047755332
0.7467343576645923
0.02835347199726313
0.05118010283658049
0.06212194458968695
-0.0881056102222733
-0.25098521723252676
0.16547047268053092
0.31549936634146103
0.416201640726902
0.4657515470506182
0.11258045123078697
-0.5716031684276126
0.5602024850623334
0.6543916247570064
0.9753932990489943
1.022072554950672
1.1177826526448578
1.1765680276230963
1.1818176509354348
1.2551580700249212
1.3206648161617596
1.2106730319553776
1.2718017708175244
1.3022185435573583
1.3472757988450332
1.2061321789114194
1.260370942691838
1.4439919090870323
1.4725257012042958
1.3093151203211002
1.57763710332339
1.5859832964933305
1.643168818448899
1.1835928286692392
1.6041250319423412
1.3632108537290455
1.3278980781221268
1.3163462732959672
1.334609360768469
1.38240631489962
1.4124864856502848
1.4706153035534717
1.3117943409203423
1.613248367922806
1.198582825668512
0.9149730693230876
-0.16803134363212435
-1.0229716025012585
-2.0134577584772066
-1.66247103965207
-2.2219478294760773
0.19242416383060756
0.8074579023615314
0.4506148553137778
0.14894354707407648
0.4890564530001426
0.5456044657620701
0.2704799555061811
0.6636836574500252
-0.19974331500262046
0.17781725762400868
-0.10197983047766963
0.07242801157573131
0.47863668652934327
-0.43930674847290313
-0.5946790537268031
-0.08368885074846873
0.7772581905766816
0.8435973361493796
0.18434547309723462
0.38388569079543056
0.37964290019362557
0.9900819857890734
0.8577062484796416
1.090864309660734
1.1032515025062373
0.40130616144966863
1.0880790815214345
1.2612837550661038
1.2397360785970484
0.9651667672008892
0.8238080010882768
0.9504547166534032
1.0537102833255916
0.9961915598370642
1.0166539178652896
1.147418328930364
1.036376771192525
1.0637354477864427
1.1636104515062733
1.0683349724641011
0.3360001952543546
0.8719137541844094
1.0438220209753728
-1.1414446167387267
-1.2015501095979944
-1.2141329101533633
-0.32859374334268104
-1.2164289830343247
0.05583858358321734
0.10281927122260193
0.09372235023707016
0.847650305313847
0.7456232461682379
0.9626439571351132
1.1851950277336294
1.1412110109408535
0.926048392414909
0.5859648040703532
0.6099971016399792
-1.0542903584966832
-1.3335007967148642
-1.8893420469202162
-1.7953690193432204
0.19987922976012262
-1.5775960384118066
-1.8292241478674123
-0.7924504345264441
-0.7837069440497524
-1.7145448114912627
-2.639187452946839
-1.823483207235351
-1.0769797757840707
-0.8219242383044733
-0.1571217827784377
-0.10472087865829466
-0.5509723166262369
-0.7589970502956466
-0.8808771795745955
-0.04442625495552634
0.3628945676426727
0.6376236835339072
0.7275861348141419
0.7854874276944948
0.7194498429953721
0.6847426917244508
0.7540979559946841
0.14634030723402203
0.3318838505074451
-0.3873317346500886
0.25638100241816203
0.2558110590357905
0.1403164310154932
0.463605951378708
0.8429358154334744
0.8205441496307767
0.23718989327197262
0.8219952241291835
0.6322641588540481
0.7200751251653335
0.15849094926553578
0.20237408908865165
0.17969224099919537
0.15166582648148771
0.1460843017070687
-1.3089558865379478
-0.9503673057238935
-1.6897800284553395
-2.0105578100975623
-1.3562465613741772
-0.8967985791181854
-0.9143180021771384
-1.905305546104147
-0.5257225416053595
-1.259579680079225
-2.092745281482405
-0.2806876097235746
-0.20049213809799754
-0.37047852544873056
-0.41545343456161843
-1.1154977547348195
-0.990334959956476
-0.06152865993847543
-1.2991802836822686
-1.3627253184337103
-1.8187543475313903
-1.5577279885571722
-1.7532009839332008
-0.6127070060526729
-2.361047865140851
-0.7879310774208844
-1.6186793077329178
-1.6381500599718617
-0.07141471723850532
0.9012062209650393
0.738853929125125
0.843231765923544
0.8744631110549669
0.7300148624309629
-0.4576774065748093
-1.1740950411820255
-0.4281899354346022
0.4313141818260962
0.8144067674067323
0.41641457515735053
-1.0019293540125402
-0.3170588702907251
0.6843316184548943
0.6635359421226054
0.8891164779449056
0.8591221855750181
0.9782202851603324
0.9937077496331773
1.015887332193999
1.0306364724358543
0.8197968463166148
0.798424043255877
0.9472632856652085
0.6864223980089008
-0.6568764391710252
-0.27663640102334636
0.4317135545478508
0.7963063850222046
0.06403614753926717
-0.6008073102433074
-2.4153606388888895
-0.8350794616941164
-0.011220766678265714
-1.0770721742456262
0.36203322266310567
0.635571762689674
0.39235268533881723
-0.24456558789661487
-0.11420120481254145
-0.2117992221550273
-1.1479403215241442
0.009779090923082436
0.5478209194905439
0.5168831978948364
0.5877057093113687
0.9019624589828467
0.7009637222267855
0.9585637630367538
0.27086998907104004
-0.772962047677925
-0.17683561972564
-1.2765733792303424
-1.7130231729131424
-2.012746074007131
-0.5454069965463538
-2.063966724410663
-0.3723693168747387
0.4487021700240942
0.6982955411775625
0.6057994850836378
0.2977556972424279
0.7027828236518164
-0.4265683091431754
0.48974160667073485
0.7145834620688035
0.31496972306115395
-1.162052850097534
-0.21525242427999794
0.4515836595148272
0.11803272571731827
-1.913654302706555
-0.5802078880815777
-1.4111748232415533
-0.30219652149404935
0.5132839410462585
0.92100852907309
0.6930417565947696
0.6021208028084465
-1.1783948152381125
-0.6045780091220193
0.5208820941415705
0.05929477023384896
-1.6806297514988828
-0.04108440157465612
-0.32951932574161674
-1.3360375301965994
0.22972373346525757
0.02174181803023333
-1.2209879923937739
-1.62500219786924
-2.3078249821937304
-1.8809159320414601
-0.9629458350503234
-1.3033510046489478
-0.46758904912422794
-0.6131867738728259
-0.9089862402836182
-0.9727184771105328
-0.8624129313685371
-0.2276754357629657
-0.8464864355614378
0.18801997290056383
-0.042710571863978246
0.3809218780864345
0.3928659443071962
0.07726713568409402
-0.6171845437214746
0.09486509078762338
-0.6649990880875567
-1.3937198164671352
-0.29425821874196384
-0.698485237589453
-0.601175423074633
-0.13531383367379587
-0.941125635905989
-0.4581105541867593
-0.013718819348817152
0.666411954241092
0.7866049186415073
0.8293999615294553
0.7079931522319789
0.73558762279763
0.04873849470762275
-0.08363720439605547
0.07985887595544779
-0.5730891967891306
-0.36461781693441464
0.06642274543581257
0.159166463957825
-0.06151263377161974
-0.36687720401955004
-0.1295444867312091
-1.6244218223597486
-2.6592937661336506
-2.6354788324790674
-2.6813993173601998
-2.517623719823204
